vModel=536
rType=1
rVirtualWorld=1337
vPosX_0=2363.146728
vPosY_0=-1661.324096
vPosZ_0=13.120455
vAngle_0=90.181533
vPosX_1=2363.130859
vPosY_1=-1656.533325
vPosZ_1=13.125406
vAngle_1=90.179420
vPosX_2=2372.059326
vPosY_2=-1656.505249
vPosZ_2=13.135568
vAngle_2=90.177696
vPosX_3=2372.074218
vPosY_3=-1661.643554
vPosZ_3=13.140042
vAngle_3=90.180259
vPosX_4=2379.866210
vPosY_4=-1661.618774
vPosZ_4=13.145736
vAngle_4=90.183052
vPosX_5=2379.851562
vPosY_5=-1656.740966
vPosZ_5=13.145743
vAngle_5=90.183052
vPosX_6=2386.751708
vPosY_6=-1656.719116
vPosZ_6=13.151139
vAngle_6=90.180099
vPosX_7=2386.767333
vPosY_7=-1661.770141
vPosZ_7=13.151139
vAngle_7=90.180099
vPosX_8=2394.093505
vPosY_8=-1661.746948
vPosZ_8=13.151140
vAngle_8=90.180099
vPosX_9=2394.078857
vPosY_9=-1656.902221
vPosZ_9=13.151143
vAngle_9=90.180099
vPosX_10=2402.469482
vPosY_10=-1656.875854
vPosZ_10=13.151151
vAngle_10=90.180099
vPosX_11=2402.485595
vPosY_11=-1662.001708
vPosZ_11=13.151150
vAngle_11=90.180099
CP_0_PosX=2277.000732
CP_0_PosY=-1659.562988
CP_0_PosZ=14.859489
CP_1_PosX=2082.999023
CP_1_PosY=-1619.162719
CP_1_PosZ=13.109433
CP_2_PosX=2077.699462
CP_2_PosY=-1749.943359
CP_2_PosZ=13.120308
CP_3_PosX=1934.530273
CP_3_PosY=-1771.215332
CP_3_PosZ=13.102074
CP_4_PosX=1962.413696
CP_4_PosY=-1805.014160
CP_4_PosZ=13.121303
CP_5_PosX=1969.117553
CP_5_PosY=-1928.823730
CP_5_PosZ=13.122180
CP_6_PosX=2066.668457
CP_6_PosY=-1923.064208
CP_6_PosZ=13.319617
CP_7_PosX=2096.240478
CP_7_PosY=-1754.082153
CP_7_PosZ=13.136756
CP_8_PosX=2189.007812
CP_8_PosY=-1737.283935
CP_8_PosZ=13.109496
CP_9_PosX=2338.724609
CP_9_PosY=-1725.162353
CP_9_PosZ=13.115772
CP_10_PosX=2351.030517
CP_10_PosY=-1523.856811
CP_10_PosZ=23.569629
CP_11_PosX=2428.631835
CP_11_PosY=-1519.262329
CP_11_PosZ=23.578760
CP_12_PosX=2440.764648
CP_12_PosY=-1446.586669
CP_12_PosZ=23.568449
CP_13_PosX=2452.270751
CP_13_PosY=-1369.593017
CP_13_PosZ=23.574674
CP_14_PosX=2448.343261
CP_14_PosY=-1185.359619
CP_14_PosZ=36.277183
CP_15_PosX=2372.478271
CP_15_PosY=-1167.264648
CP_15_PosZ=27.208259
CP_16_PosX=2225.166748
CP_16_PosY=-1132.657592
CP_16_PosZ=25.394870
CP_17_PosX=2062.016601
CP_17_PosY=-1104.124389
CP_17_PosZ=24.337553
CP_18_PosX=2061.667968
CP_18_PosY=-1259.891723
CP_18_PosZ=23.555835
CP_19_PosX=1857.049316
CP_19_PosY=-1262.162231
CP_19_PosZ=13.128690
rTotalRaceCPs=20
rDeployTime=187
