vModel=487
rType=2
rVirtualWorld=41342
vPosX_0=-1566.214965
vPosY_0=-201.315322
vPosZ_0=14.322826
vAngle_0=138.635589
vPosX_1=-1577.709960
vPosY_1=-191.193298
vPosZ_1=14.400758
vAngle_1=138.634918
vPosX_2=-1566.201904
vPosY_2=-178.124099
vPosZ_2=14.377526
vAngle_2=138.634811
vPosX_3=-1556.089965
vPosY_3=-187.028167
vPosZ_3=14.339662
vAngle_3=138.634994
vPosX_4=-1545.537963
vPosY_4=-175.044754
vPosZ_4=14.298730
vAngle_4=138.634689
vPosX_5=-1556.843750
vPosY_5=-165.089096
vPosZ_5=14.392822
vAngle_5=138.634017
vPosX_6=-1543.844726
vPosY_6=-150.326828
vPosZ_6=14.359678
vAngle_6=138.633972
vPosX_7=-1532.066772
vPosY_7=-160.698547
vPosZ_7=14.307916
vAngle_7=138.633972
vPosX_8=-1516.112182
vPosY_8=-142.579971
vPosZ_8=14.310283
vAngle_8=138.633834
vPosX_9=-1525.616699
vPosY_9=-134.209594
vPosZ_9=14.384604
vAngle_9=138.633300
vPosX_10=-1510.578369
vPosY_10=-117.132408
vPosZ_10=14.338284
vAngle_10=138.633422
vPosX_11=-1497.162475
vPosY_11=-128.944976
vPosZ_11=14.307160
vAngle_11=138.634796
CP_0_PosX=-1628.512817
CP_0_PosY=-252.621704
CP_0_PosZ=25.922599
CP_1_PosX=-1812.152099
CP_1_PosY=-343.587829
CP_1_PosZ=48.979377
CP_2_PosX=-2079.726806
CP_2_PosY=-277.571533
CP_2_PosZ=76.906227
CP_3_PosX=-2209.202148
CP_3_PosY=-166.232406
CP_3_PosZ=67.523574
CP_4_PosX=-2251.772705
CP_4_PosY=-63.538425
CP_4_PosZ=58.782936
CP_5_PosX=-2256.753662
CP_5_PosY=170.613876
CP_5_PosZ=62.476352
CP_6_PosX=-2245.046875
CP_6_PosY=399.231048
CP_6_PosZ=56.701854
CP_7_PosX=-2227.063720
CP_7_PosY=525.396423
CP_7_PosZ=65.309776
CP_8_PosX=-2179.906982
CP_8_PosY=754.376159
CP_8_PosZ=97.400230
CP_9_PosX=-2144.257812
CP_9_PosY=919.476135
CP_9_PosZ=91.865776
CP_10_PosX=-2156.228759
CP_10_PosY=1094.116577
CP_10_PosZ=101.273567
CP_11_PosX=-2171.493164
CP_11_PosY=1189.559204
CP_11_PosZ=97.519699
CP_12_PosX=-2144.447998
CP_12_PosY=1310.445312
CP_12_PosZ=66.225852
CP_13_PosX=-2073.198974
CP_13_PosY=1420.240234
CP_13_PosZ=7.257013
rTotalRaceCPs=14
rDeployTime=190
