vModel=411
rType=1
rVirtualWorld=55133
vPosX_0=2051.605224
vPosY_0=1546.716430
vPosZ_0=10.398959
vAngle_0=179.249572
vPosX_1=2046.109252
vPosY_1=1546.788330
vPosZ_1=10.398959
vAngle_1=179.249832
vPosX_2=2046.234863
vPosY_2=1556.402587
vPosZ_2=10.404904
vAngle_2=179.249832
vPosX_3=2051.249267
vPosY_3=1556.336791
vPosZ_3=10.404892
vAngle_3=179.249572
vPosX_4=2051.341308
vPosY_4=1563.364501
vPosZ_4=10.404885
vAngle_4=179.249572
vPosX_5=2045.153320
vPosY_5=1563.445434
vPosZ_5=10.409910
vAngle_5=179.249832
vPosX_6=2045.297119
vPosY_6=1574.434692
vPosZ_6=10.398956
vAngle_6=179.249832
vPosX_7=2051.079101
vPosY_7=1574.358886
vPosZ_7=10.403880
vAngle_7=179.249832
vPosX_8=2051.210937
vPosY_8=1584.435180
vPosZ_8=10.403866
vAngle_8=179.249572
vPosX_9=2045.693237
vPosY_9=1584.507324
vPosZ_9=10.408958
vAngle_9=179.249832
vPosX_10=2045.812011
vPosY_10=1593.579223
vPosZ_10=10.408949
vAngle_10=179.249832
vPosX_11=2051.603027
vPosY_11=1593.503295
vPosZ_11=10.408936
vAngle_11=179.249832
CP_0_PosX=2048.392822
CP_0_PosY=1466.307617
CP_0_PosZ=10.399045
CP_1_PosX=2096.137939
CP_1_PosY=1291.638061
CP_1_PosZ=10.547304
CP_2_PosX=2105.138183
CP_2_PosY=1195.140258
CP_2_PosZ=10.386455
CP_3_PosX=2242.230224
CP_3_PosY=1193.037963
CP_3_PosZ=10.371316
CP_4_PosX=2406.909912
CP_4_PosY=1197.328125
CP_4_PosZ=10.424583
CP_5_PosX=2408.181396
CP_5_PosY=1353.319213
CP_5_PosZ=6.891127
CP_6_PosX=2219.414794
CP_6_PosY=1356.794799
CP_6_PosZ=10.476627
CP_7_PosX=2104.485351
CP_7_PosY=1380.814331
CP_7_PosZ=10.455220
CP_8_PosX=2163.431640
CP_8_PosY=1396.398437
CP_8_PosZ=10.547245
CP_9_PosX=2083.189697
CP_9_PosY=1432.189331
CP_9_PosZ=10.388683
CP_10_PosX=1983.249511
CP_10_PosY=1454.261596
CP_10_PosZ=10.547288
CP_11_PosX=1846.402832
CP_11_PosY=1452.950439
CP_11_PosZ=11.185651
CP_12_PosX=1720.612304
CP_12_PosY=1459.343750
CP_12_PosZ=10.475107
CP_13_PosX=1735.756225
CP_13_PosY=1658.750976
CP_13_PosZ=9.526284
CP_14_PosX=1711.234130
CP_14_PosY=1707.213500
CP_14_PosZ=10.560765
CP_15_PosX=1570.496093
CP_15_PosY=1719.723999
CP_15_PosZ=10.400471
CP_16_PosX=1564.844238
CP_16_PosY=1872.987060
CP_16_PosZ=10.563462
CP_17_PosX=1489.098144
CP_17_PosY=1879.319824
CP_17_PosZ=10.537156
CP_18_PosX=1485.000122
CP_18_PosY=1958.690063
CP_18_PosZ=10.398998
CP_19_PosX=1483.720825
CP_19_PosY=2063.048095
CP_19_PosZ=10.819483
CP_20_PosX=1567.029541
CP_20_PosY=2230.983642
CP_20_PosZ=10.561823
CP_21_PosX=1551.530273
CP_21_PosY=2396.689453
CP_21_PosZ=10.422513
CP_22_PosX=1476.377075
CP_22_PosY=2402.682617
CP_22_PosZ=10.441978
CP_23_PosX=1474.748046
CP_23_PosY=2589.761718
CP_23_PosZ=10.742255
CP_24_PosX=1245.956909
CP_24_PosY=2597.256835
CP_24_PosZ=10.398846
CP_25_PosX=1251.071289
CP_25_PosY=2709.073486
CP_25_PosZ=10.398845
CP_26_PosX=1537.881469
CP_26_PosY=2721.077148
CP_26_PosZ=10.547420
CP_27_PosX=1665.690795
CP_27_PosY=2728.974609
CP_27_PosZ=10.403874
CP_28_PosX=1793.740234
CP_28_PosY=2711.145996
CP_28_PosZ=10.398987
CP_29_PosX=1905.066894
CP_29_PosY=2702.986083
CP_29_PosZ=10.498740
CP_30_PosX=1984.418701
CP_30_PosY=2700.726074
CP_30_PosZ=10.539666
CP_31_PosX=2109.608398
CP_31_PosY=2703.111572
CP_31_PosZ=10.570393
CP_32_PosX=2258.610595
CP_32_PosY=2703.955810
CP_32_PosZ=10.547449
CP_33_PosX=2343.935302
CP_33_PosY=2712.784912
CP_33_PosZ=10.499640
CP_34_PosX=2487.407226
CP_34_PosY=2773.733642
CP_34_PosZ=10.507549
rTotalRaceCPs=35
rDeployTime=242
