vModel=593
rType=2
rVirtualWorld=414848
vPosX_0=1381.548095
vPosY_0=1429.693969
vPosZ_0=11.278849
vAngle_0=358.503875
vPosX_1=1395.799926
vPosY_1=1429.321533
vPosZ_1=11.278462
vAngle_1=358.503906
vPosX_2=1395.524536
vPosY_2=1418.756713
vPosZ_2=11.284464
vAngle_2=358.505493
vPosX_3=1382.655151
vPosY_3=1419.092529
vPosZ_3=11.286115
vAngle_3=358.505371
vPosX_4=1382.297607
vPosY_4=1405.362670
vPosZ_4=11.283969
vAngle_4=358.504852
vPosX_5=1395.050170
vPosY_5=1405.029663
vPosZ_5=11.285531
vAngle_5=358.505096
vPosX_6=1394.769653
vPosY_6=1394.284179
vPosZ_6=11.348109
vAngle_6=358.505096
vPosX_7=1381.739746
vPosY_7=1394.624267
vPosZ_7=11.346842
vAngle_7=358.504943
vPosX_8=1381.496337
vPosY_8=1385.301879
vPosZ_8=11.280382
vAngle_8=358.508911
vPosX_9=1394.348510
vPosY_9=1384.967895
vPosZ_9=11.286911
vAngle_9=358.505737
vPosX_10=1394.159179
vPosY_10=1377.700683
vPosZ_10=11.328482
vAngle_10=358.505767
vPosX_11=1381.293823
vPosY_11=1378.036499
vPosZ_11=11.327486
vAngle_11=358.505645
CP_0_PosX=1386.987670
CP_0_PosY=1515.461547
CP_0_PosZ=12.644119
CP_1_PosX=1414.596435
CP_1_PosY=1782.739257
CP_1_PosZ=35.124496
CP_2_PosX=1491.561401
CP_2_PosY=1920.803344
CP_2_PosZ=54.302192
CP_3_PosX=1577.833374
CP_3_PosY=1978.932617
CP_3_PosZ=54.536540
CP_4_PosX=1834.070068
CP_4_PosY=2084.758544
CP_4_PosZ=63.276107
CP_5_PosX=2122.962158
CP_5_PosY=2136.385986
CP_5_PosZ=50.577823
CP_6_PosX=2329.503417
CP_6_PosY=2144.260498
CP_6_PosZ=48.094146
CP_7_PosX=2501.643554
CP_7_PosY=2108.169677
CP_7_PosZ=45.161151
CP_8_PosX=2659.852539
CP_8_PosY=2076.412841
CP_8_PosZ=42.672336
CP_9_PosX=2764.728515
CP_9_PosY=1758.643188
CP_9_PosZ=49.002944
CP_10_PosX=2793.780761
CP_10_PosY=1460.788208
CP_10_PosZ=35.336067
CP_11_PosX=2706.771240
CP_11_PosY=1145.236694
CP_11_PosZ=42.072353
CP_12_PosX=2458.930908
CP_12_PosY=943.448364
CP_12_PosZ=40.156990
CP_13_PosX=2108.722412
CP_13_PosY=849.582397
CP_13_PosZ=38.726684
CP_14_PosX=1878.785522
CP_14_PosY=838.609680
CP_14_PosZ=42.613075
CP_15_PosX=1733.134765
CP_15_PosY=875.454345
CP_15_PosZ=48.959495
CP_16_PosX=1557.642822
CP_16_PosY=1089.059448
CP_16_PosZ=38.627193
CP_17_PosX=1501.827758
CP_17_PosY=1266.229248
CP_17_PosZ=34.113708
CP_18_PosX=1474.245483
CP_18_PosY=1636.640625
CP_18_PosZ=11.270589
rTotalRaceCPs=19
rDeployTime=188
