vModel=415
rType=1
rVirtualWorld=4141
vPosX_0=-2008.161254
vPosY_0=524.160461
vPosZ_0=34.856700
vAngle_0=1.100432
vPosX_1=-2000.463256
vPosY_1=524.310546
vPosZ_1=34.776733
vAngle_1=1.123203
vPosX_2=-2000.284423
vPosY_2=515.218933
vPosZ_2=34.776191
vAngle_2=1.118906
vPosX_3=-2008.026123
vPosY_3=515.060852
vPosZ_3=34.729766
vAngle_3=1.044047
vPosX_4=-2007.850585
vPosY_4=506.142578
vPosZ_4=34.677459
vAngle_4=1.135487
vPosX_5=-2000.291625
vPosY_5=506.271545
vPosZ_5=34.785015
vAngle_5=1.176332
vPosX_6=-2000.126831
vPosY_6=498.240295
vPosZ_6=34.778118
vAngle_6=1.174383
vPosX_7=-2008.386108
vPosY_7=498.090484
vPosZ_7=34.813751
vAngle_7=1.242700
vPosX_8=-2008.196166
vPosY_8=487.562988
vPosZ_8=34.734584
vAngle_8=1.264347
vPosX_9=-2000.432495
vPosY_9=487.735229
vPosZ_9=34.776809
vAngle_9=1.265342
vPosX_10=-2000.215454
vPosY_10=477.643554
vPosZ_10=34.779514
vAngle_10=1.262554
vPosX_11=-2007.886230
vPosY_11=477.474609
vPosZ_11=34.784618
vAngle_11=1.263946
CP_0_PosX=-2006.630126
CP_0_PosY=559.282714
CP_0_PosZ=34.787826
CP_1_PosX=-1999.255493
CP_1_PosY=720.995422
CP_1_PosZ=45.068519
CP_2_PosX=-1745.717163
CP_2_PosY=732.582458
CP_2_PosZ=27.613725
CP_3_PosX=-1632.968994
CP_3_PosY=731.688781
CP_3_PosZ=14.169558
CP_4_PosX=-1552.834106
CP_4_PosY=743.177001
CP_4_PosZ=6.810406
CP_5_PosX=-1532.793823
CP_5_PosY=853.831054
CP_5_PosZ=6.810109
CP_6_PosX=-1542.979003
CP_6_PosY=964.008728
CP_6_PosZ=6.811899
CP_7_PosX=-1590.328002
CP_7_PosY=1076.326660
CP_7_PosZ=6.810617
CP_8_PosX=-1625.635620
CP_8_PosY=1182.426635
CP_8_PosZ=6.957066
CP_9_PosX=-1778.322875
CP_9_PosY=1183.201904
CP_9_PosZ=24.746898
CP_10_PosX=-1797.399414
CP_10_PosY=1075.002563
CP_10_PosZ=44.282421
CP_11_PosX=-1797.420532
CP_11_PosY=907.009704
CP_11_PosZ=24.513887
CP_12_PosX=-1805.362670
CP_12_PosY=735.229919
CP_12_PosZ=34.783760
CP_13_PosX=-1720.532104
CP_13_PosY=725.980407
CP_13_PosZ=24.512912
CP_14_PosX=-1691.334838
CP_14_PosY=683.653137
CP_14_PosZ=22.222934
CP_15_PosX=-1590.550781
CP_15_PosY=666.577331
CP_15_PosZ=6.958404
CP_16_PosX=-1554.935546
CP_16_PosY=620.271789
CP_16_PosZ=6.810594
CP_17_PosX=-1567.895996
CP_17_PosY=499.344085
CP_17_PosZ=6.802910
CP_18_PosX=-1667.161132
CP_18_PosY=383.068572
CP_18_PosZ=6.802856
CP_19_PosX=-1755.111816
CP_19_PosY=299.238555
CP_19_PosZ=6.810351
CP_20_PosX=-1808.903686
CP_20_PosY=134.100097
CP_20_PosZ=14.732551
CP_21_PosX=-1800.795410
CP_21_PosY=-26.161527
CP_21_PosZ=14.744394
CP_22_PosX=-1804.585327
CP_22_PosY=-115.726394
CP_22_PosZ=5.274901
CP_23_PosX=-1889.599243
CP_23_PosY=-103.904960
CP_23_PosZ=17.127664
CP_24_PosX=-1957.833251
CP_24_PosY=-67.729484
CP_24_PosZ=25.714298
CP_25_PosX=-2011.884765
CP_25_PosY=-71.467514
CP_25_PosZ=35.764038
CP_26_PosX=-2136.444335
CP_26_PosY=-70.615165
CP_26_PosZ=34.947006
CP_27_PosX=-2249.751220
CP_27_PosY=-70.807746
CP_27_PosZ=34.944725
CP_28_PosX=-2380.036376
CP_28_PosY=-64.305381
CP_28_PosZ=35.022258
CP_29_PosX=-2435.219482
CP_29_PosY=38.023342
CP_29_PosZ=34.521560
CP_30_PosX=-2599.172607
CP_30_PosY=38.728713
CP_30_PosZ=4.039671
rTotalRaceCPs=31
rDeployTime=178
