vModel=457
rType=1
rVirtualWorld=32321
vPosX_0=919.509155
vPosY_0=-1219.406494
vPosZ_0=16.603141
vAngle_0=270.224121
vPosX_1=919.518981
vPosY_1=-1221.918212
vPosZ_1=16.608051
vAngle_1=270.224121
vPosX_2=914.822509
vPosY_2=-1221.936645
vPosZ_2=16.613109
vAngle_2=270.224121
vPosX_3=914.812927
vPosY_3=-1219.477294
vPosZ_3=16.618730
vAngle_3=270.224151
vPosX_4=911.887390
vPosY_4=-1219.488891
vPosZ_4=16.618980
vAngle_4=270.224121
vPosX_5=911.897399
vPosY_5=-1222.032714
vPosZ_5=16.623561
vAngle_5=270.224151
vPosX_6=907.868652
vPosY_6=-1222.048461
vPosZ_6=16.623880
vAngle_6=270.224151
vPosX_7=907.857727
vPosY_7=-1219.263549
vPosZ_7=16.623878
vAngle_7=270.224121
vPosX_8=904.073730
vPosY_8=-1219.278686
vPosZ_8=16.624181
vAngle_8=270.224151
vPosX_9=904.086791
vPosY_9=-1222.628417
vPosZ_9=16.624187
vAngle_9=270.224121
vPosX_10=899.843200
vPosY_10=-1222.645141
vPosZ_10=16.624525
vAngle_10=270.224151
vPosX_11=899.829772
vPosY_11=-1219.198730
vPosZ_11=16.624523
vAngle_11=270.224151
CP_0_PosX=993.062866
CP_0_PosY=-1221.527954
CP_0_PosZ=16.392412
CP_1_PosX=1075.717529
CP_1_PosY=-1207.147827
CP_1_PosZ=17.302755
CP_2_PosX=1145.363037
CP_2_PosY=-1208.892333
CP_2_PosZ=18.701522
CP_3_PosX=1142.822631
CP_3_PosY=-1303.388427
CP_3_PosZ=13.251581
CP_4_PosX=1145.891357
CP_4_PosY=-1399.817138
CP_4_PosZ=13.160854
CP_5_PosX=1283.328247
CP_5_PosY=-1399.647460
CP_5_PosZ=12.729323
CP_6_PosX=1400.917480
CP_6_PosY=-1408.280151
CP_6_PosZ=13.009288
CP_7_PosX=1392.777954
CP_7_PosY=-1481.501953
CP_7_PosZ=8.298521
CP_8_PosX=1366.202026
CP_8_PosY=-1701.614379
CP_8_PosZ=8.456915
CP_9_PosX=1377.114624
CP_9_PosY=-1650.185058
CP_9_PosZ=13.006922
CP_10_PosX=1424.131591
CP_10_PosY=-1645.636840
CP_10_PosZ=12.958026
CP_11_PosX=1437.319335
CP_11_PosY=-1595.011596
CP_11_PosZ=13.007057
CP_12_PosX=1514.424804
CP_12_PosY=-1591.179443
CP_12_PosZ=13.009125
CP_13_PosX=1645.422851
CP_13_PosY=-1593.173828
CP_13_PosZ=13.035061
CP_14_PosX=1748.462890
CP_14_PosY=-1602.392822
CP_14_PosZ=13.003433
CP_15_PosX=1753.925292
CP_15_PosY=-1694.025024
CP_15_PosZ=13.009608
CP_16_PosX=1801.390991
CP_16_PosY=-1697.957641
CP_16_PosZ=13.162178
rTotalRaceCPs=17
rDeployTime=161
