vModel=438
rType=1
rVirtualWorld=12314
vPosX_0=1049.559814
vPosY_0=-1142.505004
vPosZ_0=23.662185
vAngle_0=88.353309
vPosX_1=1049.677856
vPosY_1=-1138.465454
vPosZ_1=23.665439
vAngle_1=88.351852
vPosX_2=1059.976196
vPosY_2=-1138.384033
vPosZ_2=23.659425
vAngle_2=90.833564
vPosX_3=1060.016601
vPosY_3=-1141.787475
vPosZ_3=23.725566
vAngle_3=90.860992
vPosX_4=1069.218261
vPosY_4=-1141.676879
vPosZ_4=23.617406
vAngle_4=90.865554
vPosX_5=1069.172485
vPosY_5=-1138.887939
vPosZ_5=23.706672
vAngle_5=90.854385
vPosX_6=1077.523803
vPosY_6=-1138.763305
vPosZ_6=23.715122
vAngle_6=90.853027
vPosX_7=1077.578247
vPosY_7=-1142.429443
vPosZ_7=23.714994
vAngle_7=90.852622
vPosX_8=1084.199951
vPosY_8=-1142.330810
vPosZ_8=23.740444
vAngle_8=90.852653
vPosX_9=1084.147338
vPosY_9=-1138.799926
vPosZ_9=23.740461
vAngle_9=90.852645
vPosX_10=1094.522338
vPosY_10=-1138.645507
vPosZ_10=23.772930
vAngle_10=90.852638
vPosX_11=1094.575927
vPosY_11=-1142.243408
vPosZ_11=23.772926
vAngle_11=90.852684
CP_0_PosX=981.193725
CP_0_PosY=-1143.186889
CP_0_PosZ=24.061363
CP_1_PosX=795.384094
CP_1_PosY=-1149.891967
CP_1_PosZ=23.986286
CP_2_PosX=674.581359
CP_2_PosY=-1230.640258
CP_2_PosZ=15.335315
CP_3_PosX=623.289550
CP_3_PosY=-1214.446533
CP_3_PosZ=18.095279
CP_4_PosX=513.486083
CP_4_PosY=-1259.447753
CP_4_PosZ=15.973453
CP_5_PosX=399.588134
CP_5_PosY=-1217.551025
CP_5_PosZ=51.481830
CP_6_PosX=280.366210
CP_6_PosY=-1238.330322
CP_6_PosZ=74.519599
CP_7_PosX=377.413421
CP_7_PosY=-1157.750244
CP_7_PosZ=78.142913
CP_8_PosX=462.580322
CP_8_PosY=-1187.050170
CP_8_PosZ=64.838256
CP_9_PosX=618.209106
CP_9_PosY=-1114.715209
CP_9_PosZ=47.057815
CP_10_PosX=714.238769
CP_10_PosY=-990.456604
CP_10_PosZ=52.299415
CP_11_PosX=830.836975
CP_11_PosY=-876.814514
CP_11_PosZ=68.786384
CP_12_PosX=847.625854
CP_12_PosY=-951.546447
CP_12_PosZ=48.577785
CP_13_PosX=992.003723
CP_13_PosY=-955.184265
CP_13_PosZ=41.257625
CP_14_PosX=1167.392456
CP_14_PosY=-949.476379
CP_14_PosZ=42.886886
CP_15_PosX=1270.947387
CP_15_PosY=-931.176513
CP_15_PosZ=42.213329
CP_16_PosX=1369.906127
CP_16_PosY=-925.679687
CP_16_PosZ=34.199638
CP_17_PosX=1441.205566
CP_17_PosY=-869.847106
CP_17_PosZ=52.401401
CP_18_PosX=1514.587768
CP_18_PosY=-830.075317
CP_18_PosZ=68.370788
CP_19_PosX=1497.582153
CP_19_PosY=-768.352172
CP_19_PosZ=85.451171
CP_20_PosX=1497.248657
CP_20_PosY=-693.651245
CP_20_PosZ=94.755668
rTotalRaceCPs=21
rDeployTime=161
