vModel=572
rType=1
rVirtualWorld=3148
vPosX_0=1249.397460
vPosY_0=-815.275817
vPosZ_0=83.727684
vAngle_0=162.991714
vPosX_1=1246.930664
vPosY_1=-814.519775
vPosZ_1=83.727714
vAngle_1=162.990142
vPosX_2=1247.849121
vPosY_2=-811.526184
vPosZ_2=83.727447
vAngle_2=162.993423
vPosX_3=1249.898315
vPosY_3=-812.152893
vPosZ_3=83.727424
vAngle_3=162.993667
vPosX_4=1250.758300
vPosY_4=-809.342102
vPosZ_4=83.728561
vAngle_4=162.993682
vPosX_5=1248.360229
vPosY_5=-808.608703
vPosZ_5=83.728607
vAngle_5=162.993682
vPosX_6=1249.425659
vPosY_6=-805.124938
vPosZ_6=83.726783
vAngle_6=162.993820
vPosX_7=1252.068725
vPosY_7=-805.933288
vPosZ_7=83.726737
vAngle_7=162.993804
vPosX_8=1244.288940
vPosY_8=-812.064880
vPosZ_8=83.724021
vAngle_8=157.963592
vPosX_9=1245.812744
vPosY_9=-808.299621
vPosZ_9=83.733497
vAngle_9=157.963928
vPosX_10=1247.452514
vPosY_10=-804.247680
vPosZ_10=83.728500
vAngle_10=157.964080
vPosX_11=1241.837524
vPosY_11=-810.667480
vPosZ_11=83.720298
vAngle_11=179.064666
CP_0_PosX=1233.091552
CP_0_PosY=-833.261230
CP_0_PosZ=83.767105
CP_1_PosX=1223.839721
CP_1_PosY=-808.315368
CP_1_PosZ=87.544242
CP_2_PosX=1245.044921
CP_2_PosY=-778.742126
CP_2_PosZ=90.504219
CP_3_PosX=1237.998291
CP_3_PosY=-738.701721
CP_3_PosZ=95.304924
CP_4_PosX=1123.402587
CP_4_PosY=-766.870544
CP_4_PosZ=108.792884
CP_5_PosX=1032.676635
CP_5_PosY=-781.096008
CP_5_PosZ=103.263397
CP_6_PosX=960.968933
CP_6_PosY=-794.290405
CP_6_PosZ=104.845733
CP_7_PosX=921.149902
CP_7_PosY=-788.303649
CP_7_PosZ=113.938064
CP_8_PosX=888.499511
CP_8_PosY=-765.246643
CP_8_PosZ=95.035217
CP_9_PosX=830.611877
CP_9_PosY=-789.637390
CP_9_PosZ=72.856834
CP_10_PosX=765.942260
CP_10_PosY=-802.243041
CP_10_PosZ=64.957267
CP_11_PosX=693.807678
CP_11_PosY=-838.083068
CP_11_PosZ=69.794433
CP_12_PosX=674.792968
CP_12_PosY=-876.520507
CP_12_PosZ=67.122817
CP_13_PosX=678.656616
CP_13_PosY=-905.218811
CP_13_PosZ=70.142280
CP_14_PosX=702.771850
CP_14_PosY=-936.475585
CP_14_PosZ=69.637702
CP_15_PosX=713.839538
CP_15_PosY=-951.033996
CP_15_PosZ=60.302150
CP_16_PosX=757.036071
CP_16_PosY=-931.386535
CP_16_PosZ=55.383815
CP_17_PosX=833.388366
CP_17_PosY=-864.620483
CP_17_PosZ=68.835945
rTotalRaceCPs=18
rDeployTime=159
