vModel=433
rType=1
rVirtualWorld=451333
vPosX_0=317.646453
vPosY_0=1973.030273
vPosZ_0=18.077291
vAngle_0=179.608825
vPosX_1=312.272827
vPosY_1=1973.067138
vPosZ_1=18.086860
vAngle_1=179.608825
vPosX_2=306.327697
vPosY_2=1973.107421
vPosZ_2=18.090621
vAngle_2=179.608825
vPosX_3=306.399719
vPosY_3=1983.642211
vPosZ_3=18.094945
vAngle_3=179.607818
vPosX_4=312.028991
vPosY_4=1983.604125
vPosZ_4=18.099479
vAngle_4=179.607818
vPosX_5=317.669281
vPosY_5=1983.566162
vPosZ_5=18.104885
vAngle_5=179.607818
vPosX_6=317.753448
vPosY_6=1995.861816
vPosZ_6=18.104658
vAngle_6=179.608322
vPosX_7=310.543792
vPosY_7=1995.911376
vPosZ_7=18.104677
vAngle_7=179.608322
vPosX_8=303.973876
vPosY_8=1995.956054
vPosZ_8=18.104661
vAngle_8=179.607818
vPosX_9=304.053771
vPosY_9=2007.625732
vPosZ_9=18.104444
vAngle_9=179.607818
vPosX_10=309.981292
vPosY_10=2007.585083
vPosZ_10=18.104431
vAngle_10=179.608322
vPosX_11=316.742034
vPosY_11=2007.539306
vPosZ_11=18.110351
vAngle_11=179.608322
CP_0_PosX=323.561340
CP_0_PosY=1876.402954
CP_0_PosZ=18.080234
CP_1_PosX=365.242614
CP_1_PosY=1762.392211
CP_1_PosZ=19.347589
CP_2_PosX=447.777587
CP_2_PosY=1712.849731
CP_2_PosZ=32.818965
CP_3_PosX=566.748168
CP_3_PosY=1694.745483
CP_3_PosZ=10.067711
CP_4_PosX=653.357910
CP_4_PosY=1792.006958
CP_4_PosZ=5.880072
CP_5_PosX=737.575378
CP_5_PosY=1916.300537
CP_5_PosZ=5.973179
CP_6_PosX=814.491455
CP_6_PosY=1925.961181
CP_6_PosZ=6.464558
CP_7_PosX=840.764892
CP_7_PosY=2084.543212
CP_7_PosZ=11.261668
CP_8_PosX=896.929260
CP_8_PosY=2189.295166
CP_8_PosZ=11.256900
CP_9_PosX=947.557983
CP_9_PosY=2217.372070
CP_9_PosZ=11.255635
CP_10_PosX=1012.560974
CP_10_PosY=2288.956787
CP_10_PosZ=11.283518
CP_11_PosX=1152.182983
CP_11_PosY=2276.331542
CP_11_PosZ=11.956296
CP_12_PosX=1107.236572
CP_12_PosY=2323.298583
CP_12_PosZ=17.156480
rTotalRaceCPs=13
rDeployTime=204
