vModel=593
rType=2
rVirtualWorld=4134143
vPosX_0=126.620986
vPosY_0=2491.343750
vPosZ_0=16.953590
vAngle_0=88.370208
vPosX_1=127.002326
vPosY_1=2504.745605
vPosZ_1=16.951341
vAngle_1=88.370330
vPosX_2=137.741439
vPosY_2=2504.441650
vPosZ_2=16.942987
vAngle_2=88.369865
vPosX_3=137.481277
vPosY_3=2495.298583
vPosZ_3=16.940816
vAngle_3=88.369926
vPosX_4=150.598632
vPosY_4=2494.926025
vPosZ_4=16.939605
vAngle_4=88.369964
vPosX_5=150.932266
vPosY_5=2506.673339
vPosZ_5=16.949579
vAngle_5=88.368507
vPosX_6=161.104721
vPosY_6=2506.390869
vPosZ_6=16.954742
vAngle_6=88.265167
vPosX_7=160.560668
vPosY_7=2493.438964
vPosZ_7=16.939146
vAngle_7=88.247474
vPosX_8=173.414505
vPosY_8=2493.050537
vPosZ_8=16.923864
vAngle_8=88.256469
vPosX_9=173.839385
vPosY_9=2507.118652
vPosZ_9=16.947216
vAngle_9=88.257324
vPosX_10=188.727706
vPosY_10=2506.680175
vPosZ_10=16.917577
vAngle_10=88.255332
vPosX_11=187.837951
vPosY_11=2487.984375
vPosZ_11=16.943679
vAngle_11=88.257820
CP_0_PosX=55.129508
CP_0_PosY=2499.542480
CP_0_PosZ=21.837169
CP_1_PosX=-209.805969
CP_1_PosY=2493.073242
CP_1_PosZ=60.890987
CP_2_PosX=-474.531188
CP_2_PosY=2455.163085
CP_2_PosZ=86.785972
CP_3_PosX=-658.169860
CP_3_PosY=2140.050048
CP_3_PosZ=81.030120
CP_4_PosX=-706.888610
CP_4_PosY=1966.738891
CP_4_PosZ=52.718418
CP_5_PosX=-743.520507
CP_5_PosY=1711.924804
CP_5_PosZ=45.965545
CP_6_PosX=-753.790100
CP_6_PosY=1476.866333
CP_6_PosZ=38.220489
CP_7_PosX=-604.499877
CP_7_PosY=1159.761352
CP_7_PosZ=8.883762
CP_8_PosX=-538.836242
CP_8_PosY=1016.858947
CP_8_PosZ=22.716606
CP_9_PosX=-363.506500
CP_9_PosY=905.989379
CP_9_PosZ=29.275440
CP_10_PosX=-186.364166
CP_10_PosY=882.344360
CP_10_PosZ=43.045173
CP_11_PosX=-3.046295
CP_11_PosY=887.722534
CP_11_PosZ=46.809616
CP_12_PosX=213.891860
CP_12_PosY=964.717895
CP_12_PosZ=35.499053
CP_13_PosX=445.438781
CP_13_PosY=1028.096313
CP_13_PosZ=42.232410
CP_14_PosX=706.059265
CP_14_PosY=1165.224487
CP_14_PosZ=45.060012
CP_15_PosX=882.864624
CP_15_PosY=1305.141357
CP_15_PosZ=44.869903
CP_16_PosX=1096.285644
CP_16_PosY=1369.719604
CP_16_PosZ=47.738597
CP_17_PosX=1441.784057
CP_17_PosY=1396.281250
CP_17_PosZ=13.144419
rTotalRaceCPs=18
rDeployTime=188
