vModel=451
rType=1
rVirtualWorld=412444
vPosX_0=652.216308
vPosY_0=-1407.986572
vPosZ_0=13.109140
vAngle_0=90.078346
vPosX_1=652.219665
vPosY_1=-1403.078247
vPosZ_1=13.104345
vAngle_1=90.079010
vPosX_2=652.212585
vPosY_2=-1398.049926
vPosZ_2=13.111906
vAngle_2=90.080421
vPosX_3=652.205871
vPosY_3=-1392.797729
vPosZ_3=13.187520
vAngle_3=90.078063
vPosX_4=659.464660
vPosY_4=-1392.782592
vPosZ_4=13.150646
vAngle_4=90.062500
vPosX_5=659.470092
vPosY_5=-1397.654663
vPosZ_5=13.125542
vAngle_5=90.065093
vPosX_6=659.476318
vPosY_6=-1403.199096
vPosZ_6=13.136611
vAngle_6=90.063331
vPosX_7=659.481689
vPosY_7=-1407.997436
vPosZ_7=13.129397
vAngle_7=90.063636
vPosX_8=666.424011
vPosY_8=-1407.992797
vPosZ_8=13.115502
vAngle_8=90.144172
vPosX_9=666.411621
vPosY_9=-1403.127441
vPosZ_9=13.115298
vAngle_9=90.145401
vPosX_10=666.399414
vPosY_10=-1398.364868
vPosZ_10=13.122336
vAngle_10=90.146911
vPosX_11=666.388366
vPosY_11=-1393.087280
vPosZ_11=13.160039
vAngle_11=90.137596
CP_0_PosX=594.357360
CP_0_PosY=-1402.059692
CP_0_PosZ=13.106129
CP_1_PosX=511.214752
CP_1_PosY=-1438.096313
CP_1_PosZ=14.873711
CP_2_PosX=485.560241
CP_2_PosY=-1518.886840
CP_2_PosZ=19.908044
CP_3_PosX=540.756958
CP_3_PosY=-1667.302246
CP_3_PosZ=18.238897
CP_4_PosX=646.387695
CP_4_PosY=-1675.346191
CP_4_PosZ=14.494445
CP_5_PosX=807.985839
CP_5_PosY=-1668.764404
CP_5_PosZ=13.088072
CP_6_PosX=845.649475
CP_6_PosY=-1605.747680
CP_6_PosZ=13.092560
CP_7_PosX=924.803466
CP_7_PosY=-1572.089477
CP_7_PosZ=13.090420
CP_8_PosX=1030.683227
CP_8_PosY=-1568.098388
CP_8_PosZ=13.093916
CP_9_PosX=1061.095703
CP_9_PosY=-1441.710083
CP_9_PosZ=13.066849
CP_10_PosX=1059.881103
CP_10_PosY=-1310.568481
CP_10_PosZ=13.092678
CP_11_PosX=1058.149780
CP_11_PosY=-1221.747070
CP_11_PosZ=16.968503
CP_12_PosX=1066.737915
CP_12_PosY=-1150.923095
CP_12_PosZ=23.363693
CP_13_PosX=1163.514282
CP_13_PosY=-1146.013671
CP_13_PosZ=23.363740
CP_14_PosX=1263.258422
CP_14_PosY=-1145.173706
CP_14_PosZ=23.362854
CP_15_PosX=1393.858398
CP_15_PosY=-1148.098144
CP_15_PosZ=23.436832
CP_16_PosX=1520.928344
CP_16_PosY=-1161.710937
CP_16_PosZ=23.612955
CP_17_PosX=1685.876831
CP_17_PosY=-1160.961669
CP_17_PosZ=23.365530
CP_18_PosX=1847.976562
CP_18_PosY=-1183.694335
CP_18_PosZ=23.349306
CP_19_PosX=1848.585449
CP_19_PosY=-1303.603393
CP_19_PosZ=13.090405
CP_20_PosX=1849.323730
CP_20_PosY=-1467.456542
CP_20_PosZ=13.105975
CP_21_PosX=1821.771362
CP_21_PosY=-1610.750000
CP_21_PosZ=13.090592
CP_22_PosX=1825.796997
CP_22_PosY=-1747.314941
CP_22_PosZ=13.090123
CP_23_PosX=1952.416137
CP_23_PosY=-1752.957885
CP_23_PosZ=13.090042
CP_24_PosX=2088.566406
CP_24_PosY=-1752.819458
CP_24_PosZ=13.108541
CP_25_PosX=2197.706298
CP_25_PosY=-1724.844726
CP_25_PosZ=13.128266
CP_26_PosX=2231.447265
CP_26_PosY=-1598.256713
CP_26_PosZ=16.811372
CP_27_PosX=2267.882080
CP_27_PosY=-1483.986938
CP_27_PosZ=22.356164
CP_28_PosX=2212.497558
CP_28_PosY=-1474.866455
CP_28_PosZ=23.532211
CP_29_PosX=2217.699951
CP_29_PosY=-1368.599731
CP_29_PosZ=23.723476
CP_30_PosX=2248.745605
CP_30_PosY=-1301.006469
CP_30_PosZ=23.534822
CP_31_PosX=2370.532470
CP_31_PosY=-1297.368896
CP_31_PosZ=23.547193
CP_32_PosX=2378.185302
CP_32_PosY=-1257.914306
CP_32_PosZ=23.540815
CP_33_PosX=2475.782226
CP_33_PosY=-1255.768920
CP_33_PosZ=27.582410
CP_34_PosX=2562.884521
CP_34_PosY=-1256.274658
CP_34_PosZ=46.203151
CP_35_PosX=2741.314208
CP_35_PosY=-1257.807006
CP_35_PosZ=59.266395
rTotalRaceCPs=36
rDeployTime=195
