vModel=533
rType=1
rVirtualWorld=341433
vPosX_0=-2662.692871
vPosY_0=1215.459594
vPosZ_0=55.138751
vAngle_0=195.348312
vPosX_1=-2666.969726
vPosY_1=1214.285888
vPosZ_1=55.142799
vAngle_1=195.348312
vPosX_2=-2676.443603
vPosY_2=1211.685180
vPosZ_2=55.146888
vAngle_2=195.348312
vPosX_3=-2681.822998
vPosY_3=1210.209106
vPosZ_3=55.151855
vAngle_3=195.348281
vPosX_4=-2684.009033
vPosY_4=1218.165161
vPosZ_4=55.122699
vAngle_4=195.348327
vPosX_5=-2680.273193
vPosY_5=1221.147827
vPosZ_5=55.148574
vAngle_5=195.350021
vPosX_6=-2670.479003
vPosY_6=1223.836669
vPosZ_6=55.148437
vAngle_6=195.350036
vPosX_7=-2666.001953
vPosY_7=1225.065551
vPosZ_7=55.152969
vAngle_7=195.350036
vPosX_8=-2668.425537
vPosY_8=1233.895751
vPosZ_8=55.153289
vAngle_8=195.350036
vPosX_9=-2671.909667
vPosY_9=1232.939208
vPosZ_9=55.153175
vAngle_9=195.350021
vPosX_10=-2682.000000
vPosY_10=1230.169311
vPosZ_10=55.152759
vAngle_10=195.350036
vPosX_11=-2687.104736
vPosY_11=1228.767944
vPosZ_11=55.152633
vAngle_11=195.350036
CP_0_PosX=-2639.276123
CP_0_PosY=1161.597045
CP_0_PosZ=55.310512
CP_1_PosX=-2572.770507
CP_1_PosY=1123.337280
CP_1_PosZ=55.246280
CP_2_PosX=-2518.952636
CP_2_PosY=1101.127563
CP_2_PosZ=55.287666
CP_3_PosX=-2526.232177
CP_3_PosY=995.756225
CP_3_PosZ=77.847862
CP_4_PosX=-2526.463378
CP_4_PosY=903.123718
CP_4_PosZ=64.547111
CP_5_PosX=-2526.824707
CP_5_PosY=822.748779
CP_5_PosZ=49.527481
CP_6_PosX=-2534.065185
CP_6_PosY=709.973754
CP_6_PosZ=27.516103
CP_7_PosX=-2648.936279
CP_7_PosY=708.345275
CP_7_PosZ=27.487329
CP_8_PosX=-2750.613769
CP_8_PosY=702.052124
CP_8_PosZ=40.836948
CP_9_PosX=-2750.904296
CP_9_PosY=631.543334
CP_9_PosZ=27.543586
CP_10_PosX=-2746.574462
CP_10_PosY=537.350952
CP_10_PosZ=12.136656
CP_11_PosX=-2707.396972
CP_11_PosY=480.465423
CP_11_PosZ=3.977870
CP_12_PosX=-2700.468017
CP_12_PosY=399.243560
CP_12_PosZ=4.073641
CP_13_PosX=-2707.898681
CP_13_PosY=238.577667
CP_13_PosZ=3.888626
CP_14_PosX=-2705.292236
CP_14_PosY=83.124046
CP_14_PosZ=4.005897
CP_15_PosX=-2613.291259
CP_15_PosY=85.578277
CP_15_PosZ=3.899315
CP_16_PosX=-2561.280517
CP_16_PosY=98.486175
CP_16_PosZ=8.087774
CP_17_PosX=-2541.403808
CP_17_PosY=136.935775
CP_17_PosZ=15.977150
CP_18_PosX=-2511.503173
CP_18_PosY=79.346458
CP_18_PosZ=23.213405
CP_19_PosX=-2422.901611
CP_19_PosY=73.446685
CP_19_PosZ=34.731792
CP_20_PosX=-2415.993896
CP_20_PosY=-67.170372
CP_20_PosZ=34.972190
CP_21_PosX=-2313.867919
CP_21_PosY=-71.124534
CP_21_PosZ=34.873256
CP_22_PosX=-2156.831787
CP_22_PosY=-70.228393
CP_22_PosZ=34.881923
CP_23_PosX=-2010.433959
CP_23_PosY=-63.501449
CP_23_PosZ=34.879802
CP_24_PosX=-2015.501220
CP_24_PosY=26.331298
CP_24_PosZ=32.527080
CP_25_PosX=-2103.363037
CP_25_PosY=33.611701
CP_25_PosZ=34.879707
CP_26_PosX=-2110.663085
CP_26_PosY=106.084014
CP_26_PosZ=34.874176
CP_27_PosX=-2150.521972
CP_27_PosY=113.657249
CP_27_PosZ=34.879886
CP_28_PosX=-2148.888183
CP_28_PosY=317.226959
CP_28_PosZ=34.879413
CP_29_PosX=-2248.693847
CP_29_PosY=324.254791
CP_29_PosZ=34.880641
CP_30_PosX=-2283.145019
CP_30_PosY=392.892456
CP_30_PosZ=34.502296
CP_31_PosX=-2383.235351
CP_31_PosY=556.451599
CP_31_PosZ=24.332607
CP_32_PosX=-2387.901367
CP_32_PosY=690.366271
CP_32_PosZ=34.718894
CP_33_PosX=-2386.721191
CP_33_PosY=804.007934
CP_33_PosZ=34.739223
CP_34_PosX=-2386.760742
CP_34_PosY=897.343139
CP_34_PosZ=45.775257
CP_35_PosX=-2386.934082
CP_35_PosY=1002.754150
CP_35_PosZ=50.967067
rTotalRaceCPs=36
rDeployTime=236
