vModel=487
rType=2
rVirtualWorld=551555
vPosX_0=-1648.563110
vPosY_0=1277.786254
vPosZ_0=7.335411
vAngle_0=181.554122
vPosX_1=-1660.448242
vPosY_1=1277.503662
vPosZ_1=7.425868
vAngle_1=181.563385
vPosX_2=-1660.767211
vPosY_2=1290.151367
vPosZ_2=7.334728
vAngle_2=181.558166
vPosX_3=-1645.246826
vPosY_3=1290.573364
vPosZ_3=7.229231
vAngle_3=181.557754
vPosX_4=-1678.504150
vPosY_4=1279.348510
vPosZ_4=7.468360
vAngle_4=181.569381
vPosX_5=-1678.853393
vPosY_5=1293.444458
vPosZ_5=7.198921
vAngle_5=181.576431
vPosX_6=-1661.244873
vPosY_6=1312.412597
vPosZ_6=7.148496
vAngle_6=181.597335
vPosX_7=-1698.060668
vPosY_7=1319.953369
vPosZ_7=7.522643
vAngle_7=181.640579
vPosX_8=-1708.582519
vPosY_8=1298.421630
vPosZ_8=7.906229
vAngle_8=181.831100
vPosX_9=-1638.800170
vPosY_9=1264.623779
vPosZ_9=7.388271
vAngle_9=190.444412
vPosX_10=-1659.276733
vPosY_10=1251.545043
vPosZ_10=7.256562
vAngle_10=190.468154
vPosX_11=-1684.050048
vPosY_11=1280.947875
vPosZ_11=7.228435
vAngle_11=191.806335
CP_0_PosX=-1647.290405
CP_0_PosY=1233.967407
CP_0_PosZ=9.618185
CP_1_PosX=-1615.396728
CP_1_PosY=1181.591552
CP_1_PosZ=24.025724
CP_2_PosX=-1567.131469
CP_2_PosY=1016.981689
CP_2_PosZ=24.412664
CP_3_PosX=-1553.083374
CP_3_PosY=816.125732
CP_3_PosZ=30.386894
CP_4_PosX=-1558.328857
CP_4_PosY=710.154907
CP_4_PosZ=27.197198
CP_5_PosX=-1561.794799
CP_5_PosY=555.456115
CP_5_PosZ=14.422177
CP_6_PosX=-1614.264282
CP_6_PosY=388.967987
CP_6_PosZ=29.854042
CP_7_PosX=-1628.480468
CP_7_PosY=206.515106
CP_7_PosZ=27.462665
CP_8_PosX=-1510.697265
CP_8_PosY=18.423362
CP_8_PosZ=39.647979
CP_9_PosX=-1286.436035
CP_9_PosY=-151.431106
CP_9_PosZ=30.474851
CP_10_PosX=-975.415954
CP_10_PosY=-301.138977
CP_10_PosZ=12.532833
CP_11_PosX=-767.154602
CP_11_PosY=-326.227203
CP_11_PosZ=19.478912
CP_12_PosX=-519.249877
CP_12_PosY=-348.309967
CP_12_PosZ=29.633577
CP_13_PosX=-355.246795
CP_13_PosY=-361.049346
CP_13_PosZ=22.760112
CP_14_PosX=-95.390464
CP_14_PosY=-337.915222
CP_14_PosZ=32.735256
CP_15_PosX=84.967567
CP_15_PosY=-250.502334
CP_15_PosZ=28.422384
CP_16_PosX=310.522399
CP_16_PosY=-146.901397
CP_16_PosZ=23.532655
CP_17_PosX=517.771118
CP_17_PosY=-139.041305
CP_17_PosZ=39.028774
rTotalRaceCPs=18
rDeployTime=186
