vModel=481
rType=1
rVirtualWorld=1434814
vPosX_0=2476.937988
vPosY_0=-1664.501464
vPosZ_0=12.862464
vAngle_0=72.099647
vPosX_1=2478.423339
vPosY_1=-1662.273681
vPosZ_1=12.867838
vAngle_1=71.411209
vPosX_2=2481.010742
vPosY_2=-1663.144165
vPosZ_2=12.856623
vAngle_2=71.418350
vPosX_3=2480.101318
vPosY_3=-1664.435913
vPosZ_3=12.848152
vAngle_3=73.275558
vPosX_4=2483.253173
vPosY_4=-1666.223022
vPosZ_4=12.855048
vAngle_4=63.473320
vPosX_5=2483.973876
vPosY_5=-1664.732910
vPosZ_5=12.843773
vAngle_5=70.682487
vPosX_6=2486.857421
vPosY_6=-1665.991699
vPosZ_6=12.856512
vAngle_6=64.204093
vPosX_7=2485.969238
vPosY_7=-1667.292114
vPosZ_7=12.876766
vAngle_7=67.082748
vPosX_8=2488.246093
vPosY_8=-1668.450317
vPosZ_8=12.856763
vAngle_8=60.631275
vPosX_9=2486.811523
vPosY_9=-1666.514770
vPosZ_9=12.894603
vAngle_9=67.189819
vPosX_10=2492.026611
vPosY_10=-1668.704833
vPosZ_10=12.854506
vAngle_10=67.199172
vPosX_11=2491.134765
vPosY_11=-1670.123535
vPosZ_11=12.848037
vAngle_11=52.730178
CP_0_PosX=2432.661621
CP_0_PosY=-1659.367553
CP_0_PosZ=12.898970
CP_1_PosX=2347.099365
CP_1_PosY=-1654.995483
CP_1_PosZ=12.886793
CP_2_PosX=2341.986572
CP_2_PosY=-1564.550903
CP_2_PosZ=23.365282
CP_3_PosX=2337.371582
CP_3_PosY=-1391.425415
CP_3_PosZ=23.339040
CP_4_PosX=2268.285888
CP_4_PosY=-1378.374267
CP_4_PosZ=23.347537
CP_5_PosX=2270.698974
CP_5_PosY=-1244.450805
CP_5_PosZ=23.409610
CP_6_PosX=2263.926025
CP_6_PosY=-1148.891357
CP_6_PosZ=26.339189
CP_7_PosX=2183.338378
CP_7_PosY=-1109.528808
CP_7_PosZ=24.298393
CP_8_PosX=1990.349365
CP_8_PosY=-1024.848266
CP_8_PosZ=34.367103
CP_9_PosX=1870.961303
CP_9_PosY=-1008.916748
CP_9_PosZ=35.580619
CP_10_PosX=1742.082885
CP_10_PosY=-895.317993
CP_10_PosZ=54.471256
CP_11_PosX=1707.033325
CP_11_PosY=-772.482543
CP_11_PosZ=52.936721
CP_12_PosX=1692.517578
CP_12_PosY=-597.490051
CP_12_PosZ=38.886917
CP_13_PosX=1499.407348
CP_13_PosY=-423.581695
CP_13_PosZ=33.532821
CP_14_PosX=1406.525634
CP_14_PosY=-476.087158
CP_14_PosZ=43.219467
CP_15_PosX=1274.263183
CP_15_PosY=-603.102416
CP_15_PosZ=101.092773
CP_16_PosX=1200.572021
CP_16_PosY=-631.694213
CP_16_PosZ=103.467819
CP_17_PosX=1168.261718
CP_17_PosY=-703.965881
CP_17_PosZ=61.592506
CP_18_PosX=1156.337524
CP_18_PosY=-899.892028
CP_18_PosZ=42.196456
CP_19_PosX=1158.565795
CP_19_PosY=-1139.019897
CP_19_PosZ=23.171691
CP_20_PosX=1118.508178
CP_20_PosY=-1161.429565
CP_20_PosZ=23.109794
CP_21_PosX=1121.493041
CP_21_PosY=-1251.928955
CP_21_PosZ=24.793754
CP_22_PosX=1183.585937
CP_22_PosY=-1244.349853
CP_22_PosZ=16.302970
CP_23_PosX=1216.939575
CP_23_PosY=-1238.944213
CP_23_PosZ=15.404489
CP_24_PosX=1213.558471
CP_24_PosY=-1146.134643
CP_24_PosZ=23.000337
CP_25_PosX=1200.318359
CP_25_PosY=-1035.254516
CP_25_PosZ=31.269344
CP_26_PosX=1089.018920
CP_26_PosY=-1039.717041
CP_26_PosZ=31.342691
CP_27_PosX=965.269226
CP_27_PosY=-1049.675781
CP_27_PosZ=29.561208
CP_28_PosX=961.681884
CP_28_PosY=-1100.690429
CP_28_PosZ=23.205184
CP_29_PosX=832.820678
CP_29_PosY=-1102.964111
CP_29_PosZ=23.845491
rTotalRaceCPs=30
rDeployTime=271
