vModel=522
rType=1
rVirtualWorld=819380
vPosX_0=-2433.985839
vPosY_0=265.131591
vPosZ_0=34.742988
vAngle_0=257.070373
vPosX_1=-2434.820556
vPosY_1=263.291076
vPosZ_1=34.734008
vAngle_1=248.141098
vPosX_2=-2438.743164
vPosY_2=264.866668
vPosZ_2=34.744342
vAngle_2=248.143005
vPosX_3=-2437.741210
vPosY_3=266.431671
vPosZ_3=34.739540
vAngle_3=239.984710
vPosX_4=-2441.227783
vPosY_4=268.451385
vPosZ_4=34.738243
vAngle_4=239.984710
vPosX_5=-2441.221679
vPosY_5=265.977661
vPosZ_5=34.743122
vAngle_5=235.463760
vPosX_6=-2444.391601
vPosY_6=268.160186
vPosZ_6=34.743556
vAngle_6=235.463562
vPosX_7=-2443.199462
vPosY_7=269.524139
vPosZ_7=34.733341
vAngle_7=244.313110
vPosX_8=-2450.417480
vPosY_8=275.247253
vPosZ_8=34.745521
vAngle_8=238.344009
vPosX_9=-2450.216552
vPosY_9=271.610443
vPosZ_9=34.740917
vAngle_9=235.542877
vPosX_10=-2453.574707
vPosY_10=274.098693
vPosZ_10=34.739639
vAngle_10=232.998260
vPosX_11=-2452.075439
vPosY_11=275.633270
vPosZ_11=34.754112
vAngle_11=228.493957
CP_0_PosX=-2403.199462
CP_0_PosY=245.339599
CP_0_PosZ=35.078166
CP_1_PosX=-2284.716796
CP_1_PosY=153.758590
CP_1_PosZ=34.876636
CP_2_PosX=-2255.493164
CP_2_PosY=18.990461
CP_2_PosZ=34.741771
CP_3_PosX=-2259.793212
CP_3_PosY=-181.834915
CP_3_PosZ=34.736953
CP_4_PosX=-2332.724365
CP_4_PosY=-207.694839
CP_4_PosZ=37.619812
CP_5_PosX=-2378.273437
CP_5_PosY=-230.289428
CP_5_PosZ=42.399421
CP_6_PosX=-2597.143798
CP_6_PosY=-278.860198
CP_6_PosZ=16.987703
CP_7_PosX=-2701.645263
CP_7_PosY=-284.237182
CP_7_PosZ=6.608816
CP_8_PosX=-2813.176513
CP_8_PosY=-332.794250
CP_8_PosZ=6.598188
CP_9_PosX=-2759.362060
CP_9_PosY=-508.191467
CP_9_PosZ=6.849630
CP_10_PosX=-2672.979492
CP_10_PosY=-482.467346
CP_10_PosZ=23.200538
CP_11_PosX=-2599.238037
CP_11_PosY=-372.419647
CP_11_PosZ=43.718582
CP_12_PosX=-2363.059082
CP_12_PosY=-393.340301
CP_12_PosZ=77.796806
CP_13_PosX=-2333.495361
CP_13_PosY=-461.397064
CP_13_PosZ=79.586837
CP_14_PosX=-2455.384033
CP_14_PosY=-425.368621
CP_14_PosZ=83.799652
CP_15_PosX=-2630.110107
CP_15_PosY=-498.332763
CP_15_PosZ=69.861946
CP_16_PosX=-2541.256591
CP_16_PosY=-490.606567
CP_16_PosZ=81.074783
CP_17_PosX=-2460.683593
CP_17_PosY=-519.677612
CP_17_PosZ=111.738983
CP_18_PosX=-2415.492431
CP_18_PosY=-617.472595
CP_18_PosZ=132.199096
CP_19_PosX=-2344.428222
CP_19_PosY=-700.616577
CP_19_PosZ=111.839363
CP_20_PosX=-2334.048095
CP_20_PosY=-788.845092
CP_20_PosZ=92.511718
CP_21_PosX=-2199.822998
CP_21_PosY=-768.639770
CP_21_PosZ=61.719215
CP_22_PosX=-2195.801269
CP_22_PosY=-1000.864929
CP_22_PosZ=35.467605
CP_23_PosX=-2080.744140
CP_23_PosY=-1146.680175
CP_23_PosZ=30.500978
CP_24_PosX=-1964.949340
CP_24_PosY=-1334.334472
CP_24_PosZ=39.609695
CP_25_PosX=-1737.611450
CP_25_PosY=-1472.972045
CP_25_PosZ=33.974941
CP_26_PosX=-1553.874267
CP_26_PosY=-1543.067382
CP_26_PosZ=37.303070
CP_27_PosX=-1367.092529
CP_27_PosY=-1657.659057
CP_27_PosZ=44.889007
CP_28_PosX=-1263.431640
CP_28_PosY=-1516.265747
CP_28_PosZ=26.641098
CP_29_PosX=-1036.760131
CP_29_PosY=-1504.770263
CP_29_PosZ=73.209243
CP_30_PosX=-860.032165
CP_30_PosY=-1440.259033
CP_30_PosZ=94.735885
CP_31_PosX=-819.436035
CP_31_PosY=-1242.305908
CP_31_PosZ=72.529861
CP_32_PosX=-591.344299
CP_32_PosY=-1078.478393
CP_32_PosZ=23.023588
CP_33_PosX=-463.187072
CP_33_PosY=-960.872131
CP_33_PosZ=25.122781
CP_34_PosX=-354.557373
CP_34_PosY=-785.685241
CP_34_PosZ=29.346923
CP_35_PosX=-302.667968
CP_35_PosY=-876.053039
CP_35_PosZ=46.408287
CP_36_PosX=-106.439659
CP_36_PosY=-1008.991027
CP_36_PosZ=23.718303
CP_37_PosX=-56.072700
CP_37_PosY=-1142.199951
CP_37_PosZ=0.641003
rTotalRaceCPs=38
rDeployTime=296
